140720199700356,
0|0|0,1|1|400,2|2|800,
0|1|1200,1|2|1600,2|0|2000,

0|0|2400,0|1|2600,0|2|2800,
1|0|3000,1|1|3200,1|2|3400,

2|2|3600,2|1|3800,2|0|4000,
0|1|4200,1|2|4400,2|0|4600,

0|0|4800,2|2|4800,
1|1|5200,0|2|5600,2|1|6000,

0|0|6400,0|2|6400,
1|1|6800,2|2|7200,

0|1|7600,1|0|8000,2|1|8400,
0|2|8800,1|2|9200,2|0|9600,

0|0|10000,1|1|10000,2|2|10000,

2|0|10400,2|1|10600,2|2|10800,
1|2|11000,1|1|11200,1|0|11400,

0|0|11800,1|1|12000,2|2|12200,
0|2|12600,2|0|13000,1|1|13400,

0|0|13800,0|1|14000,0|2|14200,
2|2|14600,1|1|15000,0|0|15400
